888888888888888888888888888888888888888888888888888888888888888888888888888888888888888888888888888888888888888888888888888888888888888888888888888888
88                                                                                                                                                  88
88                                                                                                                                                  88
88                                              00000000        0000      0000      0000  000000000000                                              88
88                                            007777777700    00777700  00777700  0077770077777777777700                                            88
88                                          00777788887777000077777777000077777700777777887777777777778800                                          88
88                                          00777788000088887777777777770077777777777777887777888888888800                                          88
88                                          007777887777770077778888777788777788778877778877777777770000                                            88
88                                          007777880077778877778800777788777788008877778877777777778800                                            88
88                                          007777880077778877777777777788777788000077778877778888888800                                            88
88                                          007777777777778877778888777788777788000077778877777777777700                                            88
88                                            007777777788887777880077778877778800007777887777777777778800                                          88
88                                              0088888888000088880000888800888800000088880088888888888800                                          88
88                                               000000000000000000000000000000000000000000000000000000                                             88
88                                             007777777700007777000077770077777777777700777777777700                                               88
88                                           0077778888777700777788007777887777777777778877778888777700                                             88
88                                           007777880077778877778800777788777788888888887777880077778800                                           88
88                                           007777880077778877778800777788777777777700007777880077778800                                           88
88                                           007777880077778877778800777788777777777788007777777777888800                                           88
88                                           0077778800777788777788007777887777888888880077777777778800                                             88
88                                           0077778800777788007777777788887777777777770077778877777700                                             88
88                                             0077777777888800007777888800777777777777887777880077778800                                           88
88                                               008888888800    00888800  008888888888880088880000888800                                           88
88                                                 00000000        0000      000000000000  0000    0000                                             88
88                                                                                                                                                  88
88                                                                                                                                                  88
88                                                                                                                                                  88
88                                                                                                                                                  88
88                                                                                                                                                  88
88                                                                                                                                                  88
88                                                                                                                                                  88
88                                                                                                                                                  88
88                                                                                                                                                  88
88                                                                                                                                                  88
88                                                                                                                                                  88
888888888888888888888888888888888888888888888888888888888888888888888888888888888888888888888888888888888888888888888888888888888888888888888888888888