888888888888888888888888888888888888888888888888888888888888888888888888888888888888888888888888888888888888888888888888888888888888888888888888888888
88                                                                                                                                                  88
88                                                                                                                                                  88
88                                                                                                                                                  88
88                                                                                                                                                  88
88                                                                                                                                                  88
88                                                                                                                                                  88
88                                                                                                                                                  88
88                                                                                                                                                  88
88                                                                                                                                                  88
88                                                                                                                                                  88
88                                                                                                                                                  88
88                                                                                                                                                  88
88                                                                                                                                                  88
88                                                                                                                                                  88
88                                                                                                                                                  88
88                                                                                                                                                  88
88                                                                                                                                                  88
88                                                                                                                                                  88
88                                                                                                                                                  88
88                                                                                                                                                  88
88                                                                                                                                                  88
88                                                                                                                                                  88
88                                                                                                                                                  88
88                                                                                                                                                  88
88                                                                                                                                                  88
88                                                                                                                                                  88
88                                                                                                                                                  88
88                                                                                                                                                  88
88                                                                                                                                                  88
88                                                                                                                                                  88
88                                                                                                                                                  88
88                                                                                                                                                  88
88                                                                                                                                                  88
88                                                                                                                                                  88
888888888888888888888888888888888888888888888888888888888888888888888888888888888888888888888888888888888888888888888888888888888888888888888888888888