888888888888888888888888888888888888888888888888888888888888888888888888888888888888888888888888888888888888888888888888888888888888888888888888888888
88                                                                                                                                                  88
88                                                                                                                                                  88
88                                       444444444444444444444444466                                                                                88
88                                     4444444444444444444444444666666                      999999999999999999999999                                88
88                                   44444444444444444444444446666886666               999999999999999999999999999999999                            88
88                                     4444444444444444444444444666666              999999999999999999999999999999999999999                         88
88                99999999999999         444444444444444444444444466            999999999999999999999999999999999999999999999999                    88
88            999999999999999999999                                          999999999999999999999999999999999999999999999999999999                 88
88         999999999999999999999999999                                    999999999999999999999999999999999999999999999999999999999999              88
88            999999999999999999999                                       999999999999999999999999999999999999999999999999999999999999              88
88             99999999999999999                                          999999999999999999999999999999999999999999999999999999999999              88
88               9999999999999                                            999999999999999999999999999999999999999999999999999999999999              88
88                                                                            9999999999999999999999999999999999999999999999999999                  88
88                                                                               99999999999999999999999999999999999999999999999                    88
88              44                                                                   99999999999999999999999999999999999999                         88
88            444444                                                                     9999999999999999999999999999999                            88
88          4444444444                                                                                                                              88
88          4444444444                                                                                                                              88
88          4444444444                            9999999999999999                                                                                  88
88          4444444444                         9999999999999999999999                                                                               88
88          4444444444                     999999999999999999999999999999                                                                           88
88          4444444444                  999999999999999999999999999999999999                                                                        88
88          4444444444                  999999999999999999999999999999999999                                                                        88
88          4444444444                  999999999999999999999999999999999999                      444444444444444444444444466                       88
88          4444664444                     99999999999999999999999999999                        4444444444444444444444444666666                     88
88          4466666644                         9999999999999999999999                         44444444444444444444444446666886666                   88
88          6666886666                           99999999999999999                              4444444444444444444444444666666                     88
88            666666                                                                              444444444444444444444444466                       88
88              66                                                                                                                                  88
88                                                                                                                                                  88
88                                               999999999999999999999999999999                                                                     88
88                                        9999999999999999999999999999999999999999999999                                                            88
88                                    99999999999999999999999999999999999999999999999999999999                                                      88
88                                  999999999999999999999999999999999999999999999999999999999999999                                                 88
888888888888888888888888888888888888888888888888888888888888888888888888888888888888888888888888888888888888888888888888888888888888888888888888888888