888888888888888888888888888888888888888888888888888888888888888888888888888888888888888888888888888888888888888888888888888888888888888888888888888888
88                                                     999999999999999999999999999999999999                                                         88
88                                                       999999999999999999999999999999999999                                                       88
88                                                          999999999999999999999999999999999999                               44                   88
88            444444444444444444444444466                     999999999999999999999999999999999999                           444444                 88
88          4444444444444444444444444666666                     999999999999999999999999999999999999                       4444444444               88
88        44444444444444444444444446666886666                     999999999999999999999999999999999999                     4444444444               88
88          4444444444444444444444444666666                         999999999999999999999999999999999999                   4444444444               88
88            444444444444444444444444466                            999999999999999999999999999999999999                  4444444444               88
88                                                                    999999999999999999999999999999999999                 4444444444               88
88                                                                     999999999999999999999999999999999999                4444444444               88
88                                                                   999999999999999999999999999999999999                  4444444444               88
88                                                                 999999999999999999999999999999999999                    4444444444               88
88                                                               999999999999999999999999999999999999                      4444664444               88
88                                                              999999999999999999999999999999999999                       4466666644               88
88                                                            999999999999999999999999999999999999                         6666886666               88
88                     44                                   999999998888888888999999999999999999                             666666                 88
88                   444444                               999888888888777777888888889999999999                                 66                   88
88                 4444444444                           888888877777777788777777778888888888                                                        88
88                 4444444444                         777777777778888888888888887777777777                                                          88
88                 4444444444                       888888888888888999999999998888888888                                                            88
88                 4444444444                     999999999999999999999999999999999999                                                              88
88                 4444444444                   999999999999999999999999999999999999                                                                88
88                 4444444444                 999999999999999999999999999999999999                        444444444444444444444444466               88
88                 4444444444               999999999999999999999999999999999999                        4444444444444444444444444666666             88
88                 4444444444              999999999999999999999999999999999999                       44444444444444444444444446666886666           88
88                 4444664444               999999999999999999999999999999999999                        4444444444444444444444444666666             88
88                 4466666644                999999999999999999999999999999999999                         444444444444444444444444466               88
88                 6666886666                  999999999999999999999999999999999999                                                                 88
88                   666666                      999999999999999999999999999999999999                                                               88
88                     66                         999999999999999999999999999999999999                                                              88
88                                                   999999999999999999999999999999999999                                                           88
88                                                     999999999999999999999999999999999999                                                         88
88                                                       999999999999999999999999999999999999                                                       88
88                                                         999999999999999999999999999999999999                                                     88
888888888888888888888888888888888888888888888888888888888888888888888888888888888888888888888888888888888888888888888888888888888888888888888888888888