888888888888888888888888888888888888888888888888888888888888888888888888888888888888888888888888888888888888888888888888888888888888888888888888888888
88                                            88888888888888888888888888888888888888888888888888888888888                                           88
88                                            88888888888888888888888888888888888888888888888888888888888                                           88
88                                            88888888888888888888888888888888888888888888888888888888888                                           88
88    55                                      88888888888888888888888888888888888888888888888888888888888                                           88
88    5                                       88888888888888888888888888888888888888888888888888888888888                                           88
88    55                                      88888888888888888888888888888888888888888888888888888888888                                           88
88                                            88888888888888888888888888888888888888888888888888888888888                                           88
88                                            88888888888888888888888888888888888888888888888888888888888                                           88
88                                            88888888888888888888888888888888888888888888888888888888888                                           88
88                                            88888888888888888888888888888888888888888888888888888888888                                           88
88                                            88888888888888888888888888888888888888888888888888888888888                                           88
88                                            88888888888888888888888888888888888888888888888888888888888                                           88
88                                            88888888888888888888888888888888888888888888888888888888888                                           88
88                                            88888888888888888888888888888888888888888888888888888888888                                           88
88                                            88888888888888888888888888888888888888888888888888888888888                                           88
88                                            88888888888888888888888888888888888888888888888888888888888                                           88
88                                            88888888888888888888888888888888888888888888888888888888888                                           88
88                                            88888888888888888888888888888888888888888888888888888888888                                           88
88                                            88888888888888888888888888888888888888888888888888888888888                                           88
88                                            88888888888888888888888888888888888888888888888888888888888                                           88
88                                            88888888888888888888888888888888888888888888888888888888888                                           88
88                                            88888888888888888888888888888888888888888888888888888888888                                           88
88                                            88888888888888888888888888888888888888888888888888888888888                                           88
88                                            88888888888888888888888888888888888888888888888888888888888                                           88
88                                            88888888888888888888888888888888888888888888888888888888888                                           88
88                                            88888888888888888888888888888888888888888888888888888888888                                           88
88                                            88888888888888888888888888888888888888888888888888888888888                                           88
88                                            88888888888888888888888888888888888888888888888888888888888                                           88
88                                            88888888888888888888888888888888888888888888888888888888888                                           88
88                                            88888888888888888888888888888888888888888888888888888888888                                   55      88
88                                            88888888888888888888888888888888888888888888888888888888888                                    5      88
88                                            88888888888888888888888888888888888888888888888888888888888                                   55      88
88                                            88888888888888888888888888888888888888888888888888888888888                                           88
88                                            88888888888888888888888888888888888888888888888888888888888                                           88
888888888888888888888888888888888888888888888888888888888888888888888888888888888888888888888888888888888888888888888888888888888888888888888888888888