888888888888888888888888888888888888888888888888888888888888888888888888888888888888888888888888888888888888888888888888888888888888888888888888888888
88                                                88                                           88                                                   88
88                                                88                                           88                                                   88
88                                                88                                           88                                                   88
88                                                88                                           88                                                   88
88      55                                        88                                    55     88                                                   88
88      5                                         88                                     5     88                                                   88
88      55                                        88                                    55     88                                                   88
88                                                88                                           88                                                   88
88                                                88                                           88                                                   88
88                                                88                                           88                                                   88
88                                                88                                           88                                                   88
88                                                88                                           88                                                   88
88                                                88                                           88                                                   88
88                                                88                                           88                                                   88
88                                                88                                           88                                                   88
88                                                88                                           88                                                   88
88                                                88                                           88                                                   88
88                                                88                                           88                                                   88
88                                                88                                           88                                                   88
88                                                88                                           88                                                   88
88                                                88                                           88                                                   88
88                                                88                                           88                                                   88
88                                                88                                           88                                                   88
88                                                88                                           88                                                   88
88                                                88                                           88                                                   88
88                                                88       BB                                  88                                           BB      88
88                                                88       B                                   88                                            B      88
88                                                88       BB                                  88                                           BB      88
88                                                88                                           88                                                   88
88                                                88                                           88                                                   88
88                                                88                                           88                                                   88
88                                                88                                           88                                                   88
88                                                88                                           88                                                   88
88                                                88                                           88                                                   88
888888888888888888888888888888888888888888888888888888888888888888888888888888888888888888888888888888888888888888888888888888888888888888888888888888