8888888888888888888888888888888888888888888888888888888888888888
88                                                            8800
88                                                            8800
88                                                            8800
88                                                            8800
88                                                            8800
88                                                            8800
88                                                            8800
88                                                            8800
88                                                            8800
88                                                            8800
88                                                            8800
88                                                            8800
88                                                            8800
88                                                            8800
88                                                            8800
88                                                            8800
88                                                            8800
88                                                            8800
88                                                            8800
88                                                            8800
88                                                            8800
88                                                            8800
88                                                            8800
88                                                            8800
88                                                            8800
88                                                            8800
88                                                            8800
88                                                            8800
88                                                            8800
888888888888888888888888888888888888888888888888888888888888888800
EE0000000000000000000000000000000000000000000000000000000000000000