8888888888888888888888888888888888888888888888888888888888888888888888888888888888888888888888888888888888888888888888888888888888888888888888888888888
88                                                      88                                                                                           8800
88                                                      88                                                                                           8800
88                                                      88                                                                                           8800
88                    0000000000                        88                                                                                           8800
88                  00AAAAAAAAAA00                      88                                                                                           8800
88                  00AAAAAAAAAAAA00                    88                                                                                           8800
88                00AA00AAAAAA00AA00                    88                                                                                           8800
88                00AA00AAAAAA00AA2200                  88                                                                                           8800
88                00CCAAAAAAAAAACC2200                  88                                                                                           8800
88                  0022222222222200                    88                                                                                           8800
88                    00000000000000                    88                                                                                           8800
88                0000AAAA00AAAA220000                  88                                                                                           8800
88              00AAAAAA00AAAAAA22002200                88                                                                                           8800
88            00AAAA00222222222200AA222200              88                                                                                           8800
88            0022AAAA0000000000AAAA22002200            88                                                                                           8800
88            0022AAAAAAAAAAAAAAAAAA22002200            88                                                                                           8800
88              0022222222222222222200002200            88                                                                                           8800
88                000000000000000000    00              88                                                                                           8800
88                                                      88                                                                                           8800
88                                                      88                                                                                           8800
88                                                      88                                                                                           8800
88                                                      88                                                                                           8800
88                                                      88                                                                                           8800
88                                                      88                                                                                           8800
88                                                      88                                                                                           8800
88                                                      88                                                                                           8800
88                                                      88                                                                                           8800
88                                                      88                                                                                           8800
88                                                      88                                                                                           8800
88                                                      88                                                                                           8800
88                                                      88                                                                                           8800
888888888888888888888888888888888888888888888888888888888888888888888888888888888888888888888888888888888888888888888888888888888888888888888888888888800
EE0000000000000000000000000000000000000000000000000000000000000000000000000000000000000000000000000000000000000000000000000000000000000000000000000000000